2076250000 2076800000 0 z
2076800000 2077600000 1 e
2077600000 2079150000 0 e
2079150000 2081100000 0 N
2081100000 2081500000 0 b
2081500000 2082950000 1 u
2082950000 2083750000 0 k
2083750000 2085950000 1 i
2085950000 2086900000 0 o
2086900000 2090050000 0 o
2090050000 2090700000 0 k
2090700000 2092600000 1 u
2092600000 2093050000 0 n
2093050000 2094900000 1 o
2094900000 2095300000 0 n
2095300000 2097200000 1 a
2097200000 2097650000 0 k
2097650000 2099450000 1 a
2099450000 2099950000 0 n
2099950000 2100650000 1 o
2100650000 2101150000 0 m
2101150000 2102250000 1 a
2102250000 2104250000 0 a
2104250000 2104700000 0 b
2104700000 2106600000 1 o
2106600000 2106950000 0 r
2106950000 2108200000 1 o
2108200000 2109400000 0 sh
2109400000 2111600000 1 i
2111600000 2113400000 0 pau
