922950000 923300000 0 y
923300000 923400000 1 u
923400000 923850000 0 y
923850000 925150000 1 u
925150000 925650000 0 b
925650000 927100000 1 i
927100000 927950000 0 s
927950000 928450000 1 a
928450000 929150000 0 k
929150000 931900000 1 i
931900000 932550000 0 k
932550000 934600000 1 a
934600000 934900000 0 r
934900000 936600000 1 a
936600000 937150000 0 n
937150000 939100000 1 a
939100000 939550000 0 g
939550000 941550000 1 a
941550000 941950000 0 r
941950000 943850000 1 e
943850000 944300000 0 d
944300000 945650000 1 a
945650000 946600000 0 sh
946600000 947200000 1 i
947200000 947700000 0 t
947700000 955800000 1 a
955800000 957500000 0 pau
