1629750000 1630250000 0 z
1630250000 1631050000 1 e
1631050000 1632600000 0 e
1632600000 1634650000 0 N
1634650000 1635050000 0 b
1635050000 1636650000 1 u
1636650000 1637200000 0 n
1637200000 1640150000 1 u
1640150000 1640750000 0 g
1640750000 1641500000 1 i
1641500000 1643100000 0 i
1643100000 1644300000 0 s
1644300000 1646050000 1 u
1646050000 1646500000 0 t
1646500000 1648300000 1 e
1648300000 1648850000 0 t
1648850000 1650550000 1 a
1650550000 1651150000 0 k
1651150000 1653000000 1 o
1653000000 1653400000 0 n
1653400000 1654200000 1 o
1654200000 1654650000 0 t
1654650000 1655450000 1 a
1655450000 1657500000 0 a
1657500000 1658150000 0 m
1658150000 1659400000 1 a
1659400000 1660500000 0 sh
1660500000 1662700000 1 i
1662700000 1665100000 0 i
1665100000 1667050000 0 pau
