1704350000 1704700000 0 y
1704700000 1704800000 1 u
1704800000 1705250000 0 y
1705250000 1706550000 1 u
1706550000 1707050000 0 b
1707050000 1708500000 1 i
1708500000 1709350000 0 s
1709350000 1709850000 1 a
1709850000 1710500000 0 k
1710500000 1713300000 1 i
1713300000 1713950000 0 k
1713950000 1716000000 1 a
1716000000 1716300000 0 r
1716300000 1718000000 1 a
1718000000 1718550000 0 n
1718550000 1720500000 1 a
1720500000 1720950000 0 g
1720950000 1722950000 1 a
1722950000 1723350000 0 r
1723350000 1725250000 1 e
1725250000 1725700000 0 d
1725700000 1727050000 1 a
1727050000 1728000000 0 sh
1728000000 1728600000 1 i
1728600000 1729050000 0 t
1729050000 1737150000 1 a
1737150000 1739450000 0 pau
