2150850000 2151250000 0 y
2151250000 2151350000 1 u
2151350000 2151750000 0 y
2151750000 2153050000 1 u
2153050000 2153550000 0 b
2153550000 2155000000 1 i
2155000000 2155850000 0 s
2155850000 2156350000 1 a
2156350000 2157050000 0 k
2157050000 2159800000 1 i
2159800000 2160500000 0 k
2160500000 2162500000 1 a
2162500000 2162850000 0 r
2162850000 2164500000 1 a
2164500000 2165100000 0 n
2165100000 2167000000 1 a
2167000000 2167500000 0 g
2167500000 2169450000 1 a
2169450000 2169850000 0 r
2169850000 2171750000 1 e
2171750000 2172200000 0 d
2172200000 2173550000 1 a
2173550000 2174500000 0 sh
2174500000 2175100000 1 i
2175100000 2175600000 0 t
2175600000 2183750000 1 a
2183750000 2185400000 0 pau
