1778100000 1779150000 0 s
1779150000 1780450000 1 o
1780450000 1781050000 0 o
1781050000 1781450000 0 r
1781450000 1783400000 1 e
1783400000 1783800000 0 w
1783800000 1785450000 1 a
1785450000 1786100000 0 m
1786100000 1789100000 1 i
1789100000 1789550000 0 r
1789550000 1790650000 1 a
1790650000 1793000000 0 a
1793000000 1795300000 0 i
1795300000 1797150000 0 o
1797150000 1797700000 0 k
1797700000 1799950000 1 a
1799950000 1801950000 0 e
1801950000 1802350000 0 r
1802350000 1803100000 1 u
1803100000 1803450000 0 r
1803450000 1804300000 1 e
1804300000 1806500000 0 e
1806500000 1807000000 0 b
1807000000 1808900000 1 o
1808900000 1809400000 0 ry
1809400000 1810650000 1 u
1810650000 1811700000 0 sh
1811700000 1813300000 1 o
1813300000 1814000000 0 N
1814000000 1815700000 0 pau
