848350000 848850000 0 z
848850000 849650000 1 e
849650000 851250000 0 e
851250000 853200000 0 N
853200000 853600000 0 b
853600000 855050000 1 u
855050000 855850000 0 k
855850000 858050000 1 i
858050000 859000000 0 o
859000000 862150000 0 o
862150000 862800000 0 k
862800000 864700000 1 u
864700000 865100000 0 n
865100000 867000000 1 o
867000000 867400000 0 n
867400000 869250000 1 a
869250000 869750000 0 k
869750000 871550000 1 a
871550000 872050000 0 n
872050000 872750000 1 o
872750000 873250000 0 m
873250000 874350000 1 a
874350000 876350000 0 a
876350000 876800000 0 b
876800000 878700000 1 o
878700000 879050000 0 r
879050000 880300000 1 o
880300000 881500000 0 sh
881500000 883700000 1 i
883700000 885450000 0 pau
