2225400000 2226450000 0 e
2226450000 2227500000 0 e
2227500000 2228000000 0 g
2228000000 2230200000 1 a
2230200000 2232100000 0 o
2232100000 2232600000 0 t
2232600000 2235750000 1 o
2235750000 2236100000 0 r
2236100000 2236850000 1 i
2236850000 2238850000 0 i
2238850000 2239500000 0 m
2239500000 2241450000 1 o
2241450000 2241950000 0 d
2241950000 2243300000 1 o
2243300000 2244300000 0 s
2244300000 2245900000 1 u
2245900000 2246500000 0 m
2246500000 2248150000 1 a
2248150000 2248850000 0 h
2248850000 2249950000 1 o
2249950000 2250800000 0 o
2250800000 2252850000 0 o
2252850000 2253450000 0 n
2253450000 2255200000 1 i
2255200000 2255700000 0 n
2255700000 2257800000 1 a
2257800000 2258150000 0 r
2258150000 2260500000 1 u
2260500000 2262200000 0 pau
