997500000 998800000 0 e
998800000 999600000 0 e
999600000 1000100000 0 g
1000100000 1002250000 1 a
1002250000 1004200000 0 o
1004200000 1004700000 0 t
1004700000 1007850000 1 o
1007850000 1008200000 0 r
1008200000 1008950000 1 i
1008950000 1010950000 0 i
1010950000 1011600000 0 m
1011600000 1013550000 1 o
1013550000 1014000000 0 d
1014000000 1015400000 1 o
1015400000 1016400000 0 s
1016400000 1018000000 1 u
1018000000 1018600000 0 m
1018600000 1020250000 1 a
1020250000 1020950000 0 h
1020950000 1022050000 1 o
1022050000 1022900000 0 o
1022900000 1024950000 0 o
1024950000 1025550000 0 n
1025550000 1027250000 1 i
1027250000 1027800000 0 n
1027800000 1029900000 1 a
1029900000 1030250000 0 r
1030250000 1032600000 1 u
1032600000 1034250000 0 pau
