104150000 104700000 0 z
104700000 105500000 1 e
105500000 107050000 0 e
107050000 109000000 0 N
109000000 109450000 0 b
109450000 110850000 1 u
110850000 111650000 0 k
111650000 113900000 1 i
113900000 114800000 0 o
114800000 117950000 0 o
117950000 118600000 0 k
118600000 120500000 1 u
120500000 120950000 0 n
120950000 122800000 1 o
122800000 123250000 0 n
123250000 125100000 1 a
125100000 125600000 0 k
125600000 127350000 1 a
127350000 127850000 0 n
127850000 128550000 1 o
128550000 129050000 0 m
129050000 130200000 1 a
130200000 132150000 0 a
132150000 132600000 0 b
132600000 134500000 1 o
134500000 134850000 0 r
134850000 136100000 1 o
136100000 137300000 0 sh
137300000 139500000 1 i
139500000 141300000 0 pau
