178750000 179150000 0 y
179150000 179250000 1 u
179250000 179700000 0 y
179700000 181000000 1 u
181000000 181450000 0 b
181450000 182950000 1 i
182950000 183800000 0 s
183800000 184300000 1 a
184300000 184950000 0 k
184950000 187750000 1 i
187750000 188400000 0 k
188400000 190400000 1 a
190400000 190700000 0 r
190700000 192450000 1 a
192450000 193000000 0 n
193000000 194900000 1 a
194900000 195350000 0 g
195350000 197400000 1 a
197400000 197750000 0 r
197750000 199650000 1 e
199650000 200100000 0 d
200100000 201500000 1 a
201500000 202400000 0 sh
202400000 203000000 1 i
203000000 203500000 0 t
203500000 218600000 1 a
218600000 258000000 0 pau
